40.198505939
38.9480378984
37.8440460931
36.9840993581
36.3871160478
35.9932443474
35.6908737498
35.357641387
34.8987715592
34.2703576652
33.4838972512
32.5962217333
31.6922325071
30.866250297
30.2042207202
29.767060478
29.5768287575
29.6104582611
29.80702011
30.0909291104
30.4055777065
30.7437758277
31.1587440435
31.745774861
32.5984134724
33.7575894296
35.1789764053
36.7378693068
38.2733422531
39.6528587526
40.8258088971
41.8376537351
42.7950991897
43.7981868491
44.8739110919
45.9473133351
46.8680451347
47.4816788769
47.7103959484
47.6006489783
47.3106118053
47.0405990502
46.9397200349
47.0358284214
47.2255102979
47.3310012429
47.1966047232
46.7760648663
46.1658241476
45.5657443851
45.1854063383
45.1419647133
45.4004372272
45.7864747533
46.0658148034
46.0516205446
45.6874925172
45.0666204642
44.379610532
43.81865289
43.486263872
43.3528991483
43.2818349316
43.1056081504
42.7132031119
42.1036972999
41.3811469992
40.6967859487
40.1716640291
39.8418036443
39.6544955501
39.5159505069
39.3622803465
39.212662928
39.1724812959
39.3807957881
39.9269592984
40.7795208006
41.7669045137
42.6251004847
43.0945442419
43.0231814601
42.4281630456
41.4872891076
40.4641898685
39.6020416174
39.0343414172
38.7513323071
38.6325909532
38.5242425213
38.3193791092
38.0018505957
37.6351453613
37.3077409221
37.0685351844
36.8895006956
36.6763607943
36.3210472923
35.7666662865
35.0488411469
34.2900156533
33.6486169292
33.2491455562
33.1296102271
33.2336806129
33.4515306985
33.6877802667
33.9206137844
34.2203193056
34.7159772063
35.5254238417
36.6827341924
38.1000704938
39.585703252
40.9144543757
41.9225491519
42.5863876004
43.0492500507
43.5793848198
44.4695806916
45.9123089805
47.8972365797
50.1743444012
52.3063345361
53.8033644373
54.3008126257
53.7182220261
52.3349731711
50.7407037094
49.6616000111
49.71342557
51.1682426902
53.826244919
57.0502594878
59.9584674711
61.7059770915
61.7475136425
59.9813260739
56.7269945787
52.5632667187
48.1107547068
43.8590894691
40.1022751441
36.9800851322
34.5650048779
32.9169893979
32.0617905313
31.9119479807
32.2016677974
32.5115126513
32.4077236273
31.6415979723
30.2967732602
28.778969627
27.6207085927
27.1842675482
27.424384556
27.8628148016
27.8216900821
26.8120286383
24.8637308207
22.5875379952
20.8917084879
20.4738496131
21.3604576985
22.7744477901
23.4501383655
22.2608787602
18.8191840778
13.6854730744
8.02041442419
2.84874118666
-1.61500676479
-6.07950689182
-11.487622108
-17.7524559724
-22.584345805
-21.2194320375
-7.56772271222
23.3549527596
72.5734104663
135.167264129
200.298208633
253.666685289
281.778075007
276.51690963
238.231361316
176.005635403
104.879852309
41.0096318575
-3.40174823445
-23.4933454674
-22.2809114129
-8.355803361
8.09793915716
19.2358683282
21.8985383983
17.6656258531
10.9645431464
6.36236275409
6.36191903588
10.6003010854
16.5734336029
21.2839591691
22.8653154477
21.3879384875
18.5677257945
16.6771455055
17.3138896543
20.6650199167
25.5719695405
30.2598870381
33.2790796752
34.1596502465
33.4915742728
32.4709198197
32.2162218546
33.2316124833
35.2638556384
37.5631178277
39.3495294678
40.2126014898
40.2484835438
39.9080390929
39.6853759182
39.8406794022
40.3022691953
40.7732287345
40.9522874686
40.7286749721
40.2442258909
39.8033936476
39.6979651014
40.0517477643
40.7668024034
41.5883685137
42.2408243187
42.5565485914
42.5347429618
42.3128247806
42.0800509715
41.9862100332
42.0896076636
42.3587490898
42.7113427332
43.0595388263
43.3365514833
43.4986465979
43.5140945805
43.3562640204
43.0103237999
42.4891673822
41.8446559595
41.1613879317
40.5309045015
40.0172967966
39.6318957271
39.3309099139
39.0378030016
38.6789878805
38.2148914804
37.6519478417
37.0323437614
36.4104254777
35.8308252331
35.320193969
34.8943845971
34.5722134635
34.382143539
34.3525187806
34.487103878
34.7393339876
35.0037353001
35.1375251569
35.011144703
34.5700320594
33.8800291172
33.131411316
32.5920930401
32.5226604037
33.0846407802
34.2793481631
35.9440155995
37.8085973201
39.5907369598
41.0898898327
42.2423754835
43.1170985881
43.8585186837
44.6064650301
45.430774359
46.3086785453
47.1499712415
47.8510539931
48.34632672
48.6299598704
48.7399711193
48.7188527286
48.5783207996
48.2924838104
47.825699062
47.1788668123
46.4240147284
45.7005490925
45.1666246664
44.9253393906
44.9632774929
45.1374118266
45.2247234023
45.0172784427
44.4202552061
43.5054166407
42.4915760789
41.6579922231
41.2294093491
41.2856975419
41.7373570392
42.3760197851
42.9727170261
43.3744933296
43.5530968542
43.5858700219
43.5846925175
43.6151544959
43.6515511941
43.592262131
43.3261268691
42.811711538
42.1232419687
41.4338460267
40.9400562151
40.7637019884
40.8814971379
41.120990559
41.2296095812
40.9871031297
40.3092693741
39.2935047827
38.1835641438
37.2687997646
36.7637696321
36.7229241222
37.0281285161
37.4525304202
37.7691179251
37.852739613
37.7289358882
37.5488193267
37.5039848318
37.7226635357
38.1961821102
38.7701027407
39.2046489
39.2777443632
38.8850893686
38.0929608545
37.1199846027
36.2545348361
35.7417174911
35.6865708979
36.0132761222
36.4969579068
36.8549084384
36.8601431226
36.4317160638
35.6664673853
34.801327773
34.1235746011
33.8668793428
34.135020065
34.8816263654
35.949427399
37.147428982
38.3302005164
39.4459785202
40.5375294838
41.7026627516
43.0385543535
44.5974040937
46.3697955981
48.2936941735
50.2726552044
52.1852829718
53.8803758691
55.170495549
55.8478303768
55.7401106564
54.8004050036
53.1946689371
51.333215764
49.8024553711
49.1931640965
49.8757499767
51.8141363497
54.5120956678
57.1399403362
58.8110540018
58.9027291398
57.2836213407
54.3427413687
50.8026530847
47.4020833185
44.5986784079
42.43406202
40.620859007
38.79475538
36.7855742739
34.7500942795
33.0862939197
32.1749637361
32.1006262133
32.5263230416
32.8167716196
32.3609309709
30.9182251963
28.7800921987
26.6289118037
25.1480236489
24.5947362367
24.5959080593
24.3211056066
22.975978973
20.3527122867
17.0995907924
14.4902226545
13.7405330093
15.2009203569
17.8799428806
19.6394443651
18.0732944498
11.7024982505
0.896097761712
-11.995965989
-23.4438025005
-30.1311755107
-30.2523344694
-24.0203254477
-13.0756600944
0.923233332673
17.7473781814
39.1826985438
68.2229465052
107.052776407
154.717002427
205.706406539
250.427378637
277.732014274
278.710952617
250.256882669
196.850293399
129.670530961
63.2284599399
10.7669861972
-19.7950663499
-27.8343887427
-19.2584198337
-3.49276647033
10.4105953906
16.9299623929
15.3403716494
8.84795102071
2.27681263758
-0.479386474269
1.90301341457
8.02251553342
14.9031897273
19.7019830698
21.0776225516
19.6196764289
17.2732980287
16.1873917982
17.6308302947
21.4949090768
26.5387443316
31.1472009426
34.1524924428
35.3058192129
35.2211380364
34.903488619
35.1655148873
36.2456585713
37.7909194243
39.1557138409
39.8127922709
39.6440471471
38.9744949201
38.3649408654
38.3014567516
38.9541542882
40.119107834
41.3493852071
42.1863868656
42.3669400524
41.9133347953
41.085267592
40.2413909203
39.6900692437
39.5953689747
39.9620304704
40.6801434904
41.5889966935
42.525962567
43.3491636458
43.9442089435
44.2321397552
44.1864773945
43.8513537991
43.3431413081
42.8224567935
42.43968591
42.2751567204
42.302934646
42.3990518647
42.3941643305
42.1480519814
41.6112980496
40.8447500451
39.9877242583
39.1911574277
38.5491253317
38.0626218897
37.6529085847
37.2163538783
36.6913444928
36.1012943132
35.5495165741
35.1662356627
35.0331946135
35.1246501954
35.2978343268
35.3433697054
35.0769183904
34.4315586147
33.5069280553
32.5485640771
31.8617916241
31.6949389832
32.1422768794
33.1100214155
34.3615662174
35.6227213022
36.7001805934
37.5597237567
38.3281674028
39.2174632862
40.4051478882
41.9263064761
43.6284468102
45.21346194
46.3520406368
46.8226756504
46.6147113172
45.9487354888
45.2021026963
44.7677277172
44.9029124893
45.6295955403
46.7261832205
47.8135012434
48.4994925307
48.5250818223
47.8556140717
46.6865097192
45.366757697
44.2745251641
43.6933024305
43.7308319519
44.3017336707
45.1692992507
46.0234337995
46.5661205949
46.5818549105
45.981837234
44.8200489099
43.2829573801
41.6539574934
40.253721978
39.3626329586
39.1413366939
39.5746972007
40.4652185498
41.4892933639
42.3054626256
42.6780530779
42.5658154326
42.1332368438
41.6724391043
41.4640179104
41.6370216752
42.0943381874
42.5440953273
42.6297907882
42.1035548555
40.9620266052
39.476853714
38.0981004899
37.2682647005
37.2288636271
37.9086215177
38.9473252554
39.8479669929
40.1906072387
39.8124995354
38.8743142324
37.7843529463
37.016877909
36.9070558138
37.5124552078
38.5977468453
39.7423470328
40.5174094644
40.6529255447
40.1269789943
39.1490513781
38.056900413
37.1797345295
36.7262258571
36.7358121919
37.0989134938
37.6230663418
38.1095094372
38.4103998264
38.4534239544
38.2373300123
37.8109728494
37.2482059408
36.6255920551
36.0052136456
35.4240001352
34.8927036939
34.4078191221
33.975419978
33.6379757362
33.4887260404
33.6592449019
34.2766546378
35.4038116174
36.989675658
38.8587492588
40.7541419397
42.423550126
43.713501054
44.6279935291
45.3201791812
46.0157637447
46.9004097648
48.0231704798
49.2627779187
50.3745185627
51.0964462757
51.2645478288
50.8824587031
50.1150391063
49.2142486301
48.419675738
47.8863117621
47.6732165862
47.7888606441
48.2537683922
49.1292836379
50.4812692558
52.289418095
54.3534988049
56.2623805702
57.4683934002
57.4571797704
55.9480236947
53.0323046605
49.1763811734
45.0743375937
41.4076881749
38.6163388916
36.781880691
35.6699676545
34.9002553434
34.1508855978
33.2929395022
32.3949252361
31.6133238104
31.0493375046
30.6670341213
30.3246963357
29.8948290563
29.3856774174
28.96922904
28.8769065698
29.21385935
29.8105906019
30.2288699043
29.9581555591
28.7190045747
26.7017090846
24.5729766722
23.1935171572
23.1545366939
24.3692460916
25.9635527123
26.5750998172
24.951283195
20.5527296733
13.8328415202
6.01798903431
-1.50861738181
-7.86230152025
-12.9211620325
-16.949629023
-19.7016768744
-19.4970240286
-12.9205557444
4.39648841822
35.9547035301
82.1560473334
138.678337104
196.405888052
243.322269745
267.943790004
263.126379111
228.77459726
172.300303895
106.520733717
45.7035299046
1.21684261069
-21.6075704315
-24.3083671587
-13.6898154757
1.39060290557
13.4468070672
18.6643674113
17.3524580177
12.678175796
8.51341622502
7.4753952623
9.98228627937
14.5534780453
18.9732740262
21.5942908315
22.1090869358
21.4879668662
21.2454092852
22.5157127175
25.4505322573
29.2171968134
32.5289725402
34.368320318
34.5014391955
33.5354285873
32.5344220371
32.4383678131
33.6040751349
35.6903846398
37.907823762
39.4638972877
39.9547337223
39.5112258143
38.6571125321
37.9895954011
37.8701704925
38.2837390206
38.9161896275
39.380240857
39.4506462123
39.1821818917
38.8608286813
38.8319792178
39.3089942946
40.2640797112
41.4497185383
42.5267666546
43.2241416202
43.4480473542
43.2938859083
42.967982674
42.6697221748
42.4974006165
42.4210688915
42.3271138795
42.1034532937
41.7177657952
41.2492807262
40.8602747333
40.7228376913
40.9360900454
41.4717677413
42.1724786178
42.8042220135
43.1423927523
43.0570323509
42.5630474242
41.8143159473
41.0421907915
40.4611156167
40.1783414096
40.1450363709
40.1710555671
40.0002553605
39.4173689043
38.3422194197
36.8700484447
35.2381201844
33.7303064631
32.5593991833
31.778520196
31.2618918488
30.7654525772
30.0423414536
28.963185191
27.5882399132
26.1595322648
25.0165641152
24.4726960898
24.7055691101
25.7066004199
27.3062488877
29.2571736706
31.3331230269
33.3981896628
35.4194877726
37.4260646263
39.44286399
41.4381749843
43.3124980629
44.9326330615
46.1903357371
47.0526906358
47.5772154995
47.8846050203
48.1047704562
48.3250981603
48.5670183062
48.8000861059
48.9816740275
49.096696783
49.1730439472
49.263490307
49.4051413849
49.5814616537
49.7116921497
49.677831845
49.3783278396
48.7816311411
47.950972119
47.0252095383
46.1628233824
45.4752573124
44.9819047714
44.6086844804
44.2307150579
43.7380118905
43.0922690428
42.3479491646
41.6290154371
41.07416096
40.7775449251
40.7522274793
40.9304596386
41.19637371
41.43210966
41.5550523952
41.532121178
41.3713831449
41.1031258702
40.7655127686
40.4031057537
40.074804059
39.8586912062
39.8410148299
40.0857410837
40.5948309135
41.2795799678
41.9631942462
42.4230504304
42.4624891286
41.9858164906
41.0447793198
39.8339142212
38.6324257107
37.7128392629
37.2512645264
37.2740803217
37.6608821433
38.2003925802
38.6747816932
38.9375808131
38.9550111797
38.7975251415
38.5898574661
38.4446873875
38.4102073176
38.4539644101
38.4881224525
38.4225986609
38.2201134751
37.9263494728
37.6593066003
37.5601328062
37.7254858865
38.1513042725
38.7149985345
39.2080515537
39.4095458421
39.1723555627
38.4860563733
37.4885376159
36.4193130332
35.5329038197
35.0089123413
34.8974686653
35.1226763915
35.5394438556
36.0136088169
36.4844369838
36.9786284719
37.5714021377
38.3195725974
39.2079828298
40.144222445
41.0093461969
41.7383807712
42.3827229391
43.1108314893
44.1343414286
45.5889995909
47.4306970116
49.4074870854
51.1349128733
52.2491630244
52.5678198712
52.1767655704
51.3935934297
50.6192599609
50.1498080982
50.0458355593
50.1321376904
50.1332389724
49.87556509
49.4441106946
49.1967678853
49.6092264282
51.0142146819
53.3633087569
56.1411026792
58.4947195002
59.537243369
58.6940362601
55.9333668803
51.7739769338
47.068242221
42.6668140559
39.123946966
36.5743824003
34.8185063097
33.5432344927
32.5409890776
31.8027536477
31.4443964327
31.5294544588
31.9156498647
32.2381463979
32.0571520167
31.0909504388
29.3925596111
27.3503700626
25.4924777641
24.1951269131
23.4647862167
22.933634444
22.0889246016
20.6126674836
18.6254462824
16.6640821038
15.3681993903
15.0290586751
15.2610052929
15.0188892792
13.0097591836
8.32319159336
0.959561183489
-8.03606172139
-16.9232512422
-23.9121229114
-27.7291019802
-27.7472849107
-23.5740114045
-14.3440235619
1.76992663447
27.3224697413
64.4522633708
113.156679962
169.758548131
226.462448491
272.57333952
297.27081663
293.086470626
258.775688504
200.360263784
129.757304796
61.3544354914
7.73470190206
-23.8812273767
-33.1940383123
-25.9201708515
-10.9432364112
3.22713513359
11.2714993265
12.1700372257
8.4320397394
4.07153655173
2.39492062721
4.5876657966
9.58137167567
15.0283504049
18.727122244
19.7329526632
18.6569447584
17.1278282746
16.8087489677
18.5291446903
21.9579942125
25.9142200879
29.0733361906
30.657684498
30.7580843254
30.1684435196
29.8809732738
30.5469969803
32.1883663343
34.2784207206
36.1029397915
37.1747971635
37.474497901
37.4079289764
37.536094107
38.2476700052
39.5576862476
41.1288337277
42.4825173134
43.2680501216
43.4396463221
43.2541150206
43.1056564442
43.2993481064
43.8886196471
44.6577481491
45.2478732324
45.3508382363
44.866709861
43.9482679359
42.9192702407
42.1170339943
41.741805206
41.7832744688
42.0496351987
42.2730636985
42.2333890273
41.8420566712
41.1561807834
40.3300001094
39.5384481021
38.9132463658
38.5168064979
38.3547551252
38.4079585197
38.6591718261
39.0982565151
39.7062754059
40.4325438865
41.1827510933
41.8294451003
42.2433146435
42.3321781389
42.0703819599
41.5057421366
40.7414797237
39.9011577892
39.0907243765
38.371275291
37.7503198581
37.1915872379
36.6371746238
36.0330658995
35.3499093317
34.5938500335
33.8057751439
33.0503688408
32.398602428
31.9088124661
31.6121448291
31.5074075543
31.5678286386
31.7581408417
32.0560403398
32.4693910071
33.0411431475
33.8382143103
34.9270793333
36.3446057382
38.0751642821
40.0427398836
42.1208073831
44.1558412412
45.9958468882
47.5149762147
48.6288892081
49.3005527088
49.5397064854
49.3994247134
48.9705615904
48.3718194344
47.73244934
47.167511671
46.7509506705
46.4962475984
46.3546781429
46.235786335
46.0452395768
45.7262925226
45.287390875
44.8027242205
44.3836994068
44.1322836826
44.0959987413
44.2443546444
44.4774188211
44.6630684757
44.6868236389
44.4929339387
44.0999461249
43.5858328584
43.0512574572
42.5783581327
42.2028289208
41.9095100402
41.6503349624
41.3738991074
41.0522888501
40.6940712303
40.3400893181
40.0466841779
39.8654608605
39.8283373682
39.9423163527
40.1931881065
40.5537536755
40.9916321195
41.4736907429
41.9668967729
42.4373929946
42.8498836566
43.1686405109
43.3602691229
43.3977824587
43.2654535382
42.9638541311
42.5139492522
41.9582623937
41.3566802576
40.7754475966
40.2705857777
39.8703989304
39.5640397111
39.3024979404
39.0142226904
38.6313411276
38.1168722022
37.4817299894
36.7838825547
36.1096885456
35.5454403369
35.1514975138
34.9494841599
34.9258754069
35.046517839
35.2712840728
35.5593736998
35.8632265321
36.1183867954
36.2421058843
36.1507988794
35.796016402
35.2053728969
34.5065780938
33.9151226486
33.6801190842
34.0025804999
34.9564721143
36.446487355
38.2242779558
39.9615289261
41.3541524651
42.2182992558
42.5425210056
42.4793659349
42.2848696207
42.2338401824
42.5439690386
43.3316901407
44.604265509
46.2763836528
48.1939071083
50.1538813056
51.9226299388
53.2631027006
53.981256633
53.9884176107
53.359471282
52.3560103183
51.3881833769
50.9098829453
51.2715157652
52.5792779296
54.616998641
56.8703164827
58.6577368826
59.3321345314
58.4861317987
56.0883980769
52.4993946509
48.3576266231
44.3754861902
41.1188308821
38.8518757512
37.5041743954
36.7674381389
36.2757068143
35.7859886651
35.2757521413
34.9119548364
34.9088486268
35.350177664
36.0753906732
36.7027819142
36.7932814191
36.0792301725
34.6354513695
32.8859103216
31.4180108266
30.6822265651
30.7307683109
31.1475100833
31.2322049997
30.3642295379
28.3575477928
25.5987861293
22.8588234284
20.8444701696
19.7187352911
18.8693964908
17.10088981
13.2035159926
6.62975489977
-2.08923485622
-11.4489639385
-19.5877809992
-25.0985466281
-27.5600896836
-27.4136052208
-25.1543100466
-20.2370011217
-10.3704743175
8.18679094543
39.1463281585
83.9664587287
139.845816955
199.012285253
249.980977163
280.6521578
282.260292019
252.674064446
197.658907019
129.448249603
63.0351021786
11.5313243014
-17.6695509579
-24.5274023435
-15.3055109903
0.559524056459
14.2781610528
20.6726273457
19.2438924204
13.1974271811
7.15289222232
4.72163690027
7.02192218829
12.6278657562
18.727075353
22.7419983839
23.5677156918
21.8893733213
19.5652824486
18.5184480194
19.7573997281
22.9959137506
26.9779622503
30.2467241938
31.908582214
32.0058961082
31.3619073183
31.0473332239
31.7911530574
33.6443473522
36.0360202382
38.1428856774
39.3435429836
39.5156158654
39.0454674818
38.5829064077
38.6970632974
39.6167774021
41.1695638859
42.9171875804
44.3894091672
45.2866621016
45.5621795706
45.3716290379
44.9469112372
44.4759791523
44.0473479529
43.6681878107
43.3211225069
43.0106521577
42.768305478
42.6198715218
42.5450421471
42.4637492168
42.2644268237
41.8611931372
41.2476070038
40.515478602
39.8266314587
39.3511967575
39.2030080989
39.4020396253
39.8774828503
40.5033854116
41.1443847323
41.6888908359
42.0594713331
42.206178348
42.0979992326
41.7252716276
41.11413174
40.341215919
39.5318636891
38.8320007909
38.3593026614
38.1542005329
38.1563383979
38.2230249014
38.1865888162
37.9272171876
37.4278520627
36.7840058286
36.161816294
35.7224261682
35.547476387
35.6005824248
35.7427732552
35.7941881836
35.6126862487
35.152941786
34.4804699663
33.7378654682
33.0836580656
32.6358399328
32.4468470981
32.5179741589
32.8391742651
33.4267561781
34.3336593354
35.6232357012
37.3190254254
39.3579645199
41.5748742135
43.731464144
45.5810799047
46.9424307462
47.7507602406
48.0655831373
48.034488482
47.8319891885
47.6014127047
47.4225663762
47.3123559733
47.2485550101
47.1977000672
47.1306726649
47.0213401873
46.8367419753
46.5335736625
46.0712567879
45.4394912705
44.6855210977
43.9217954084
43.3019185978
42.9689011682
42.9961854754
43.3493081881
43.8893168951
44.4205872361
44.7641981087
44.8246070317
44.6192698006
44.2577273185
43.8806441163
43.5884563902
43.3941797286
43.222961228
42.9579281713
42.5091726311
41.8713578371
41.1409711698
40.4837660106
40.0668705734
39.9868439914
40.2267059886
40.6612353449
41.1075254199
41.3975388048
41.4405694881
41.24963578
40.9233288106
40.5948045667
40.373187618
40.3037172626
40.3620383435
40.4809566193
40.5930756182
40.6668340994
40.7186209411
40.7967052152
40.946942596
41.1788099705
41.4494049056
41.6736099921
41.7556386469
41.627019201
41.2736451025
40.7405234866
40.1140142116
39.4917396656
38.9548540973
38.5539220538
38.3107067735
38.2288665403
38.3024846989
38.5146253183
38.8269462356
39.170136256
39.4476723194
39.5594042779
39.4393388685
39.0903928984
38.595421042
38.0922689001
37.7181266451
37.5464588268
37.5478430268
37.5981271359
37.5353714733
37.2414186794
36.708288087
36.0536117917
35.4729792102
35.1494462632
35.164817993
35.4597287209
35.8668862816
36.2042518093
36.3816672636
36.463712615
36.6508042698
37.1815494897
38.2016862947
39.66620722
41.3289784645
42.8329522746
43.863796081
44.295915478
44.2602477631
44.0985208148
44.2219386092
44.9371144816
46.3166075511
48.1690479391
50.1166106553
51.7394999843
52.7215402548
52.9385988518
52.4657159575
51.5194377227
50.3774206312
49.3160640426
48.5828995199
48.3905592245
48.9028824437
50.1916729071
52.1702372646
54.5396881089
56.7955688427
58.3243959694
58.5775348973
57.2638836234
54.4789269823
50.7026947115
46.650889238
43.0299567868
40.2958572444
38.521188257
37.4298719963
36.5816090052
35.6163211344
34.4384261381
33.2496994964
32.4159665972
32.2394934718
32.7606917267
33.7003957321
34.5807006479
34.9648371576
34.6869392963
33.9413268835
33.1731335643
32.8218710002
33.056903583
33.6568663234
34.1105816922
33.8916581787
32.7524366437
30.8603981747
28.6828580271
26.6740469217
24.9484850238
23.1536159913
20.6522772051
16.9383249395
12.0426273789
6.65057336421
1.79184618923
-1.77746516737
-4.14158810664
-6.31805804677
-9.64390176129
-14.6068176251
-19.6685714978
-20.8056824328
-12.3034134476
11.1914357698
52.0098056547
107.305714071
168.521697771
223.051712202
257.789254602
263.38439028
237.599874847
186.390650669
122.174758279
59.8747163074
12.2072758171
-14.0108206859
-19.2214818522
-9.81249533875
5.12132464572
17.4898816653
22.8912537958
21.355084658
16.1542447196
11.5094446154
10.3708647187
13.2491164745
18.4444188592
23.3226504293
25.845941129
25.5606829699
23.6259409106
21.9988909662
22.3012590508
24.9860729439
29.1972290135
33.3169821401
35.8480365085
36.1473666381
34.6584142363
32.5814781271
31.2115752664
31.3126469109
32.8338385194
35.0639348115
37.0880431052
38.2766212622
38.556629036
38.3583216051
38.3099794658
38.8711514264
40.1006391982
41.6606754478
43.0251364808
43.7604221387
43.7282264137
43.1186743702
42.3191612404
41.7049386508
41.4640516425
41.5366862874
41.6822964785
41.6249454716
41.1978742717
40.4206995996
39.4838085304
38.6599484304
38.191199061
38.2013265616
38.6637963274
39.4278477892
40.2826107326
41.0299353341
41.5403353265
41.7779881066
41.79358336
41.6934211075
41.5978795845
41.6026913515
41.7535814583
42.0398378765
42.406429834
42.7786511618
43.0895676781
43.3001985143
43.4055724434
43.4255585625
43.3853033278
43.2939496026
43.1306042033
42.8434678161
42.363021218
41.6252656728
40.597684886
39.2996209861
37.8100508326
36.2588640211
34.8019733132
33.5853397046
32.707180709
32.1899362641
31.9725977694
31.9290533069
31.9099231302
31.7963272095
31.5477147267
31.2254020628
30.9802521644
31.0053230984
31.4680356395
32.4458512527
33.8901526647
35.6337673424
37.4412448334
39.0839667436
40.4115001887
41.3914237511
42.1023183569
42.6840563239
43.2676397069
43.9155184283
44.5983542636
45.2174151222
45.6606407858
45.8646482727
45.8522071874
45.7266726461
45.6259783975
45.658874035
45.8552189323
46.1553081543
46.4436112197
46.6095627938
46.6038409751
46.4604446717
46.2723690667
46.1331522499
46.0753505124
46.040061814
45.8967496696
45.5069735004
44.8021576927
43.83643923
42.7859759258
41.8911208328
41.3651585206
41.3094421737
41.6718949892
42.2658054011
42.8388808365
43.1618955208
43.1011514915
42.6502386537
41.9168607618
41.0787344906
40.3303577457
39.8381835589
39.710855495
39.9819374431
40.6008467563
41.4330254997
42.2767135498
42.9038069766
43.1228033738
42.8467944964
42.1380419864
41.2023586512
40.3242369458
39.7611757655
39.6392038257
39.897444201
40.3117997353
40.5925706248
40.5147639168
40.0213906085
39.2502375163
38.4699874719
37.9554109305
37.8616587162
38.1585357595
38.6559161963
39.1057768896
39.3280136008
39.2959618293
39.139203646
39.0645456244
39.2383796272
39.6928694101
40.3048244904
40.8570843437
41.1486661922
41.0948529291
40.7647431416
40.3377361929
40.0035947247
39.8601201229
39.8628609825
39.8529366101
39.64761744
39.1456427236
38.3924019812
37.5716646856
36.9285782756
36.6628289666
36.8440393809
37.3879126024
38.0999834433
38.7611772008
39.2122065366
39.3993115688
39.3669516507
39.2101686456
39.0164202947
38.8264957169
38.6292645566
38.3854911094
38.0625641849
37.66055163
37.2188193049
36.8045811116
36.4927515261
36.3470419549
36.4073748007
36.6833703864
37.1521399855
37.7609151393
38.4379348983
39.1140789693
39.7517063508
40.3692629865
41.0463539986
41.8990916963
43.0291261881
44.4655601866
46.1275783473
47.830313807
49.3377696928
50.4431228555
51.0409326019
51.1573719523
50.9243282945
50.5116109759
50.0535238138
49.6091289944
49.176755842
48.7518840488
48.3905610988
48.2335702728
48.4653486974
49.2177947351
50.4638715667
51.9598849324
53.2786561522
53.9344166617
53.5537892404
52.0194585371
49.5199451659
46.4793177541
43.3963309838
40.6659432532
38.4649628162
36.7514182535
35.3691322829
34.1940063826
33.2360899138
32.6353928902
32.5495306189
32.996871173
33.7534858349
34.3829637387
34.4098266394
33.5627583138
31.9593519328
30.1148314069
28.7368579893
28.3822269968
29.1403589518
30.5194947103
31.6270055226
31.5882284105
30.0109821051
27.2523374297
24.3193210589
22.4113421632
22.3053381746
23.8915757426
26.1200046045
27.4228643868
26.4295866891
22.6168498405
16.5446990566
9.5344998716
2.95297350328
-2.48449120626
-6.93935169964
-10.9760128763
-14.5574925284
-16.0515792544
-11.9198098902
2.46252149569
30.9268436302
74.2324153047
128.41029215
184.668549351
231.244715717
256.776803657
254.043012487
222.635649339
169.452524158
106.705881269
48.12860426
4.77768248646
-18.0195326731
-21.5221841831
-12.0899157551
1.86672465021
13.1730049697
18.1295294557
16.9920752245
12.7907050175
9.26372578994
8.94110825883
12.1849743179
17.4405160954
22.3608952826
25.1197635087
25.2465006123
23.6525748734
21.9617381824
21.5827519155
23.0277993375
25.7856557663
28.7364840322
30.822479665
31.5964197986
31.3818203984
31.0115378663
31.3321391437
32.7580871603
35.0988572314
37.7142342775
39.8780238087
41.1389599708
41.4962572995
41.3259389093
41.1300105495
41.2614400766
41.7692136108
42.4258869952
42.897065485
42.944396693
42.5512188792
41.9152926998
41.329471494
41.0263094753
41.0708728511
41.3499242128
41.6500519247
41.7736067262
41.6300421599
41.2621224907
40.805149887
40.4106095009
40.177491449
40.1227948038
40.1973939203
40.3297592104
40.469650061
40.6096082851
40.7778330965
41.0120713723
41.3321214969
41.7260188421
42.1549970913
42.5714604399
42.9380826027
43.2372558575
43.4667810166
43.6258767838
43.7009708369
43.6607213747
43.4646234122
43.0820632436
42.5124537834
41.7953729219
41.0034424809
40.2186018502
39.5008702116
38.8635292905
38.2671282082
37.6368478498
36.8969847907
36.0076059472
34.9865363847
33.9060561613
32.8656151016
31.9536742875
31.2172739526
30.6539891405
30.2291561133
29.9075937038
29.6809109116
29.5735995839
29.622937618
29.843271527
30.1959674916
30.585969567
30.8934140324
31.0301133313
30.9953219918
30.9016164012
30.9528643798
31.3776335389
32.3429670998
33.8846189476
35.8846283511
38.1073412008
40.2795453366
42.1811182204
43.7084315627
44.8855688954
45.8222449468
46.6409906259
47.4088879324
48.1053128513
48.6389207443
48.9034053705
48.843342102
48.4971414506
47.9953891673
47.5142627353
47.2050989142
47.1327024304
47.2511655219
47.42874663
47.5105866812
47.3903974273
47.0579290801
46.6002023081
46.1561080568
45.8460190082
45.7100597772
45.6848725037
45.6305392997
45.3953609588
44.887767858
44.1208304384
43.2078226433
42.3109374425
41.5682325656
41.0347043685
40.666545526
40.3561143102
39.9995536383
39.5621300862
39.1069212209
38.7706006717
38.6968683505
38.9601842545
39.5184460512
40.2197712048
40.8619991374
41.2771220157
41.3999270458
41.287450105
41.0799958623
40.9235774667
40.8930452014
40.9550636111
40.9902521734
40.8639218968
40.5096710835
39.9823500825
39.450687909
39.1288716986
39.1767590992
39.6153523022
40.2993455315
40.9636882967
41.3274813937
41.211605694
40.618717904
39.7394768382
38.880406723
38.3427473925
38.302964837
38.7449425671
39.4716349825
40.1899036358
40.6313804547
40.6577439011
40.3067654886
39.7620825506
39.2628480417
38.9946847597
39.0099407523
39.2106603015
39.3991187635
39.3710777138
39.0093458359
38.3369170074
37.508448546
36.746553103
36.2527921834
36.1321349772
36.3611339509
36.8091864967
37.2991093222
37.6782889911
37.8705088543
37.8902263693
37.818980827
37.7592386078
37.7880591525
37.9297888192
38.1564561829
38.4121306477
38.6483111231
38.8542898653
39.0695995179
39.3732340172
39.8535251341
40.5705915315
41.527256758
42.6624115773
43.8724239868
45.0534984555
46.1459221732
47.1562760689
48.1407472708
49.1510881826
50.1673968694
51.0565911894
51.5915851491
51.540864035
50.8002666002
49.5069478786
48.0689874466
47.0722817077
47.0808919635
48.4035849638
50.9281016201
54.1066904777
57.1147424529
59.1260536666
59.5916304913
58.4044380711
55.8847647807
52.6051602733
49.1473762744
45.9083967275
43.036281948
40.5005190361
38.2290747814
36.2163156961
34.5368326667
33.2692252383
32.3969228436
31.7694729233
31.1657149796
30.4260756111
29.5640433309
28.7681584539
28.27139795
28.1573119151
28.2313020213
28.0652241171
27.2247201419
25.5648183925
23.408683948
21.4628407839
20.4637186418
20.7213849886
21.8228209725
22.7054639193
22.1201970667
19.2685052931
14.2601604477
8.09697470643
2.14039681987
-2.65811372696
-6.28199406038
-9.50998969421
-13.0319616233
-16.2059544569
-16.1815600584
-8.10253378645
13.3258549131
51.3049099566
104.465763308
165.681393291
223.03299428
262.945221195
274.524496075
253.480290452
204.020230196
137.833797532
70.4314863961
16.1888613875
-16.0243522488
-25.0112143058
-16.5274281008
-0.180736689426
14.6253910282
22.018903647
21.0438981171
14.8341066554
8.26892857545
5.35830318675
7.53987958904
13.4892559294
20.2673855526
25.0402570488
26.4560452886
25.0685382331
22.748922563
21.5312735672
22.5517104679
25.5999052543
29.4213103235
32.5104516546
33.9222503731
33.6833785636
32.646434219
31.936694885
32.3312227277
33.9005127144
36.0641524278
37.9779588839
39.0088890766
39.0400649749
38.4697158998
37.9444665188
37.9999231645
38.806751282
40.1390658255
41.5503724214
42.6358945176
43.2313195816
43.4518267346
43.5726653202
43.8368751683
44.3042140737
44.8200024137
45.1098463874
44.9385224978
44.243321058
43.1736904213
42.0232808984
41.0961278311
40.5775986435
40.4716056896
40.6274047411
40.8340642773
40.9309593573
40.8805323109
40.7728263071
40.7660123778
40.9962000698
41.5008213063
42.1901327586
42.8773092083
43.3512159827
43.4584734948
43.15951876
42.5363389619
41.7510738269
40.9752743318
40.3208794953
39.8017785294
39.3405432383
38.8150167292
38.1224512097
37.2320293396
36.202701907
35.1593834735
34.2394594298
33.5347325717
33.0555405617
32.7332300521
32.4593527596
32.1432005188
31.7611334597
31.3752844396
31.1134297422
31.1194332064
31.4965784638
32.2685736223
33.3741868872
34.6958022965
36.1070323414
37.5168266924
38.8904842939
40.2399338657
41.5906574179
42.943652202
44.2527554754
45.4297111054
46.3754671955
47.0230040318
47.3707680142
47.4896031445
47.498284194
47.5176086081
47.6234969583
47.820531919
48.0482238254
48.2169530566
48.2563963794
48.1529303591
47.9574724467
47.7592315114
47.6375366949
47.6151711085
47.6370119454
47.5865205753
47.3348866944
46.8016596943
45.999187729
45.0393907315
44.0978904251
43.3495782738
42.9026591326
42.7590485457
42.8173827023
42.9162977066
42.8986271094
42.6693224451
42.224362885
41.6419826738
41.0442126899
40.5483217569
40.2293834544
40.107134063
40.1573070665
40.3363854338
40.6044487258
40.9347046376
41.3075374245
41.6960379555
42.0544194899
42.318397688
42.4195503949
42.3077923495
41.9717092191
41.4474238723
40.8120599119
40.164499385
39.6007232045
39.1918227947
38.9702317177
38.9259387815
39.0116092871
39.1545564878
39.2737053344
39.2996128343
39.1942405511
38.9650966246
38.6674327153
38.3902622915
38.2274661748
38.2422447034
38.4381343617
38.7494228091
39.0571895122
39.2266408385
39.1518132288
38.7898974176
38.171768569
37.3858710908
36.5444275203
35.7479853208
35.0633559416
34.5217131075
34.1328603256
33.9041471941
33.8520277632
34.0004540875
34.3689914217
34.9595019939
35.7500735557
36.6993483251
37.7574969476
38.8765923828
40.0152642787
41.1385673024
42.2191687685
43.2457466241
44.237913807
45.2578110789
46.4035018939
47.773861382
49.4092030682
51.2299693934
53.0072531495
54.394644096
55.0289222804
54.6747527469
53.3600803205
51.439451871
49.5402593757
48.3885206945
48.5613118925
50.2515096711
53.138890074
56.4324134212
59.089326229
60.1481728109
59.061647712
55.9040566847
51.3658255982
46.5239925503
42.4658005326
39.9068707081
38.9562825739
39.1276576532
39.5949104408
39.5836207797
38.7229529148
37.1937459509
35.5984764505
34.6120017288
34.5860550477
35.3152000905
36.1014010945
36.1046127171
34.8094992943
32.3579193594
29.5458885957
27.4498251696
26.8516243217
27.7651689602
29.3448358514
30.2727151543
29.459661466
26.6946766419
22.859427091
19.5236670184
18.0680903075
18.7732742385
20.3964331706
20.5575642633
16.8489875098
8.16865294115
-4.41266963608
-17.774379656
-27.9101859554
-31.6282409289
-27.9382014022
-18.3566189445
-5.87070501735
6.99083166395
19.9837770503
35.8018513459
58.981932367
93.3484222465
139.105747397
191.039479822
238.941162263
270.436171106
275.277295264
249.395982911
196.968145448
129.507722406
62.2307811011
9.08658823922
-21.5928193554
-29.1648548665
-19.8070526982
-3.2826154838
11.1577039986
18.017139443
16.7555169634
10.7680991882
4.92783638241
2.99040096573
6.03019793807
12.4331563017
19.1761474831
23.5643567417
24.5107205915
22.8059387587
20.4073581222
19.2575194256
20.3024580565
23.1793845135
26.6322243759
29.3289141314
30.5907827425
30.6582209024
30.4137200043
30.7846382455
32.1937337438
34.3564894419
36.5018785266
37.8536254071
38.0826388007
37.4839138224
36.8024748288
36.8279090129
37.9894004478
40.1614291476
42.7602496734
45.0529736926
46.5010499818
46.9639340859
46.6823597343
46.0838241258
45.5373215369
45.1907886868
44.9603651553
44.6493281137
44.1088022299
43.3436623832
42.511936109
41.8324449051
41.4640684374
41.426946887
41.6033199406
41.8073378342
41.8780107215
41.7448332971
41.4391502692
41.0580307678
40.7105487271
40.4774439331
40.398018078
40.4768839348
40.6925912064
40.9957844543
41.3002683398
41.483240677
41.4102606404
40.9852127021
40.2050281463
39.1874597543
38.1473087019
37.3207270135
36.866416251
36.7896997364
36.9296092462
37.0212108541
36.8088247416
36.1594528264
35.1238413981
33.9168494054
32.8272577303
32.1004710191
31.8490263586
32.0301501511
32.495391069
33.0822933392
33.6997704746
34.3655443054
35.1809618613
36.2608771261
37.6574883182
39.3171038225
41.0893530757
42.7807494291
44.2235354065
45.3264188337
46.0866776949
46.564789556
46.8409979844
46.9788482268
47.012320828
46.9570303958
46.8319180662
46.6736818299
46.533085527
46.4552529551
46.4567601819
46.5145158288
46.574280396
46.5750012058
46.4760987682
46.2735968602
45.9979034643
45.6964543253
45.4120260809
45.1681238014
44.966696107
44.795052188
44.6338604076
44.4594935658
44.2405677137
43.9353359747
43.4983786143
42.8999230802
42.1515944503
41.3246774528
40.5466081664
39.9701198886
39.7234540313
39.8616608398
40.341494159
41.0331949887
41.7656922065
42.3858559149
42.8057365325
43.0179331755
43.0752058563
43.0478243568
42.9819930523
42.879987521
42.7095222993
42.4336007904
42.0416782783
41.5635648241
41.0583760979
40.5854248278
40.1740330708
39.8095416171
39.4434911907
39.0226067891
38.5212540609
37.9607090724
37.4060771557
36.9434048186
36.6489749598
36.5651557042
36.6919537872
36.9943117772
37.4174960537
37.9008236247
38.383803494
38.8055840786
39.103817225
39.219542852
39.1102891809
38.7671080139
38.2267849727
37.5707175431
36.9072092372
36.3414761262
35.9438595602
35.7284954109
35.6512776844
35.6288758639
35.5727425944
35.4266103511
35.1945263136
34.9494413038
34.8183841757
34.9475419042
35.457069615
36.3992320545
37.7335273077
39.3282320497
40.9902746052
42.5164235251
43.7512745759
44.6340807352
45.2186420654
45.6579388276
46.1557586992
46.8979747147
47.9831034165
49.3733262932
50.8829226927
52.2120755767
53.0223724886
53.0383143678
52.1493481318
50.4819195056
48.4133844505
46.5110183989
45.3991950571
45.5822571433
47.2720985776
50.2789450415
54.0138510145
57.6205764837
60.2101344755
61.1283925579
60.1641599898
57.6158248095
54.1805113052
50.6970911305
47.8369883421
45.8661170344
44.5798641747
43.4440269696
41.8844305305
39.5964002644
36.7283075806
33.8447142821
31.6757494472
30.7650590039
31.1864276438
32.4756823954
33.8246686401
34.4530661979
33.9772870185
32.5871092456
30.9314842366
29.7642376172
29.5317256241
30.1250620678
30.9398139952
31.221175191
30.5083570454
28.9213904976
27.10541278
25.833369715
25.4715038753
25.6165540619
25.1480490339
22.7234136845
17.487286642
9.61494638132
0.364091818545
-8.43789654066
-15.2169015846
-19.3132548275
-21.0447692598
-21.0403933804
-19.1500473418
-13.5709421904
-0.852817681293
22.9125607422
60.0149778652
109.021372735
163.717716517
213.875914852
247.895839738
256.515770915
236.198900942
190.792069911
130.666333412
69.5462707341
20.1845595709
-9.48351092304
-18.2812417357
-11.2078297268
3.2499489512
16.680973036
23.7125167275
23.2927143177
18.0303249549
12.1746228132
9.31527353929
10.8449745004
15.7320134896
21.4748756884
25.5889812426
26.8299001041
25.6072070329
23.5168722008
22.359474877
23.2080612265
25.9801108857
29.6493962887
32.893344709
34.7836717462
35.1661983989
34.5886583275
33.8891757937
33.7158796708
34.2412403512
35.1897995866
36.1108078757
36.7035891124
37.0013292264
37.3240425287
38.0530834868
39.3759008026
41.1528182743
42.9757993862
44.3760512854
45.0579374438
45.0312209014
44.5781152437
44.0848805829
43.8370550289
43.8881237345
44.0633156106
44.0839985029
43.7365708744
42.9933654536
42.0261185928
41.1132603866
40.4967734665
40.2656322017
40.3231939275
40.4492689463
40.4197378066
40.1212493511
39.6058652075
39.0637487058
38.7325020368
38.7895889903
39.2775456416
40.0916362395
41.0281458061
41.8645882678
42.4328012316
42.6550030734
42.5348491429
42.1183030224
41.4515146568
40.5598895606
39.4570889796
38.1739353929
36.7852627605
35.4138094682
34.2034399004
33.2720324672
32.6673603846
32.3500455399
32.2152878863
32.1457165296
32.071234921
32.0069437205
32.049883084
32.3349434562
32.9700749371
33.9809983471
35.2908877432
36.7434787144
38.1574471162
39.3860278972
40.3553812722
41.0678513684
41.5747794293
41.938117501
42.203195389
42.3956010227
42.5390341099
42.6774433505
42.8816750344
43.2301169472
43.7694818472
44.4764950026
45.2451295059
45.9138603349
46.3274816558
46.4082222607
46.2018592183
45.8721959906
45.63946276
45.6850658525
46.0638350119
46.6655365484
47.2481378967
47.5337341358
47.3282368789
46.6121376081
45.5593059581
44.4710068667
43.6502936885
43.2704345213
43.2965050025
43.4978847491
43.5498114207
43.1816742309
42.3070274668
41.0764180266
39.827184756
38.9499349346
38.7288377226
39.2248534622
40.2518370199
41.4538009615
42.4468876854
42.9624022967
42.92994017
42.4701369877
41.8095793938
41.1649724814
40.6536256669
40.2690596929
39.9245993917
39.533150271
39.0755253151
38.6198507992
38.2840775831
38.1659223759
38.2821156066
38.5526075393
38.8393530141
39.018268073
39.0440814632
38.9715686004
38.9207918946
39.0051568435
39.2620791555
39.6251284588
39.9541770254
40.1084313242
40.0235001666
39.7507912421
39.437112842
39.2538332579
39.3114286468
39.6027227771
40.0029483621
40.3254945633
40.4044848369
40.1635684587
39.6398220718
38.9562846787
38.2623996631
37.6749812536
37.2471915643
36.9740148348
36.8216765619
36.7574930475
36.7610864503
36.8137915272
36.8795613338
36.8972724426
36.7967998985
36.5344779568
36.1282354133
35.6690453057
35.2964310995
35.1459337166
35.2937934947
35.7280513984
36.3625276759
37.0871526952
37.827693253
38.5819127343
39.4117051833
40.3953676079
41.5672864326
42.8806935713
44.217296721
45.4413173135
46.4690173513
47.3132249284
48.0732959962
48.8698622904
49.75596237
50.6542264862
51.3624860769
51.6388169919
51.3356598175
50.5214415483
49.523932667
48.8572168032
49.0436807077
50.3926746179
52.8253884372
55.8264598746
58.5578335195
60.1063932298
59.7802635264
57.3441410383
53.1037588553
47.8070604329
42.4016356118
37.7437825761
34.3698143603
32.4081960105
31.6463781461
31.699193492
32.1879137904
32.847962323
33.5326871315
34.1430773929
34.5540527036
34.603656105
34.1641782103
33.2516440289
32.0913186988
31.0699455802
30.5687287775
30.7510652262
31.426712595
32.0931797537
32.1665868727
31.3010104806
29.622870751
27.7263764862
26.3911266051
26.1403205192
26.8705467363
27.7780833222
27.6675332185
25.5190416127
21.0237073668
14.7783936521
7.99396922222
1.84616693982
-3.16074197972
-7.39000517048
-11.5940203595
-15.9031506108
-18.7967243602
-16.7265966032
-4.87058877213
21.0090867988
62.2258263858
115.368288407
172.021534677
220.468375951
249.011607857
249.798819135
221.691126997
170.986780523
109.609985608
51.3766302897
7.71950705311
-15.5424755557
-19.2608772392
-9.61508026239
4.89962969146
16.8291439944
22.1383443812
20.8361071643
15.8914005056
11.1871719335
9.55007564494
11.6918711309
16.3536618595
21.3492714707
24.8403433752
26.1820481603
25.9997413053
25.5940907212
26.0946607975
27.845683884
30.3160143992
32.5095624077
33.5907770616
33.3604211162
32.3387868904
31.4492607152
31.5082016036
32.8085302321
35.0062796592
37.3401736162
39.0388418358
39.6895134262
39.3872236048
38.6167126667
37.9608955498
37.8056723007
38.1898092242
38.8538560175
39.4324811242
39.6690482386
39.5379900414
39.2259793721
39.0044689071
39.078408155
39.4952868506
40.1529391631
40.8847967726
41.5618481665
42.1502835026
42.6977129174
43.2658387993
43.8572442085
44.3835504701
44.6948888434
44.6540842136
44.2139923953
43.4556575991
42.5667391595
41.7708209214
41.2419523449
41.0437908602
41.118478922
41.3257300987
41.5103597722
41.5666216112
41.472919368
41.286195713
41.1030965119
41.0072111195
41.0243979354
41.1024161597
41.1206878982
40.9255220535
40.3786180111
39.4035344673
38.0157983641
36.3269442208
34.5199775002
32.8023404908
31.3501992326
30.2620451524
29.5378997382
29.0922795551
28.7967897368
28.5363796648
28.257233084
27.9871588086
27.820842862
27.8775038094
28.2506442196
28.9727011112
30.0097716537
31.2865724486
32.7267564322
34.2861586639
35.9605781273
37.7634926043
39.6858033921
41.6605901882
43.5549276113
45.1980174303
46.4362901553
47.1912728846
47.4926969269
47.4698175927
47.3033337936
47.159059544
47.1331886844
47.2328942412
47.3982078936
47.5506450244
47.641365334
47.6733342539
47.6870605099
47.720045441
47.7651654006
47.7544975053
47.581660235
47.1542955958
46.4502935256
45.5465778064
44.6011262955
43.7919234159
43.2394090241
42.9497149521
42.8085089127
42.6323146462
42.2565754884
41.620776407
40.8102678395
40.0329292853
39.5381297817
39.5120032471
39.9944298492
40.8539748572
41.8316896259
42.6347986242
43.0404942247
42.9674229186
42.4883812161
41.7842865607
41.0641007166
40.4872030096
40.1193867602
39.9349694885
39.8553417679
39.7993004459
39.7190840293
39.6075718289
39.4795652091
39.3439698691
39.1870315785
38.9784167157
38.6970356405
38.3605317864
38.0386686171
37.8386297186
37.8654624943
38.1753546489
38.7452072553
39.4753536749
40.2264474577
40.8742708783
41.3565761872
41.6892996498
41.9442887706
42.1998082202
42.4888111133
42.7712312719
42.9446839355
42.8888272024
42.5219058898
41.8420707005
40.9337215359
39.936334242
38.9911126209
38.1906429474
37.553863207
37.0352840668
36.5607301186
36.0703526509
35.5484547023
35.0284610503
34.5745857739
34.2524450488
34.1039422665
34.1368846471
34.3307193888
34.6519081258
35.0695871614
35.5647310998
36.1312225425
36.7715020272
37.4905089776
38.2900754377
39.163993029
40.0938044402
41.0471397369
41.9820975275
42.8601197491
43.6650856229
44.4200747302
45.1897340043
46.0594783644
47.0934282852
48.2867202439
49.5370561432
50.6581072757
51.4416556878
51.7514220346
51.6104857511
51.2376706308
51.0026755802
51.3017386216
52.3927438183
54.254056962
56.5314051839
58.6085620552
59.7896573839
59.5327769956
57.6472520684
54.3744529295
50.313950331
46.2181780134
42.7341230452
40.1955053084
38.55023507
37.4510706862
36.4655216246
35.3062205692
33.9720308166
32.7312799084
31.9552192102
31.8865906226
32.4661502572
33.3164117451
33.9038372276
33.8048358286
32.9371233597
31.6242475389
30.4410888254
29.9053988976
30.1736293153
30.9133264951
31.4425841418
31.0847304844
29.5575030336
27.1753584461
24.7248604197
23.0440364088
22.5101022411
22.7170736762
22.55046855
20.6659632136
16.1531358887
9.04117392617
0.363327488046
-8.27328321082
-15.3810038884
-20.1375678712
-22.4210549517
-22.2473827398
-18.9016398627
-10.3258170173
6.68754057121
35.2881256704
76.6778646782
128.343162655
183.359037469
231.400080963
261.408373035
265.101166895
240.01073962
190.794997749
128.165070891
65.7080476098
15.73944133
-14.2792065797
-23.4593170839
-16.8144349962
-2.63822127252
10.8927893139
18.5126015105
19.0627797796
14.867138552
9.83977621287
7.33522800121
8.70804639103
13.0867599377
18.2425859885
21.9519050945
23.1175643957
22.1447431661
20.5045991545
19.8257852479
21.0373225349
23.9863293148
27.6576299213
30.802278981
32.6012681751
33.0219852572
32.7252979318
32.6279336084
33.3872550206
35.0819691746
37.2290160504
39.0890252816
40.0721724137
40.0281239662
39.2878637356
38.464762109
38.1402797728
38.6002371519
39.7411498468
41.167962028
42.4101634518
43.1381746056
43.2803122749
43.0034787257
42.5904514409
42.2888304075
42.2062615859
42.2913536795
42.3929005221
42.3554506345
42.1005701942
41.6589605107
41.1469734057
40.7067572512
40.4417858822
40.3763288655
40.4529359819
40.564379518
40.6031014873
40.5063757278
40.2795657408
39.9903767726
39.7392701257
39.6204626908
39.6905577769
39.956858943
40.387216858
40.9325212192
41.5471029703
42.1946554918
42.8368458937
43.4136369545
43.8317270539
43.975380076
43.7424145349
43.0926161044
42.0848601285
40.8799022044
39.6992812555
38.7515489366
38.1548356526
37.8899955515
37.8073743253
37.6870863934
37.3283546693
36.6298485112
35.6269496241
34.4717061148
33.3673357674
32.4887959472
31.924982174
31.6651519474
31.6295031673
31.7230169531
31.8831350851
32.0987128577
32.3956045718
32.8027735187
33.3223202302
33.922536022
34.5581359145
35.204846055
35.8862095116
36.6738086596
37.656546803
38.8920780927
40.3645985304
41.9717959774
43.5502939661
44.930164721
45.9945847384
46.7178022041
47.1647379199
47.4535465491
47.6994234652
47.9656956821
48.2433203233
48.4654176824
48.5467837121
48.4276936888
48.1014245534
47.6148528571
47.0455545801
46.4696821677
45.9373371706
45.4657772889
45.0498229495
44.679459349
44.3520331789
44.0714399272
43.8360375567
43.6249828268
43.3945027143
43.0901088056
42.6710038467
42.1346252567
41.5274124647
40.9339456074
40.4476959803
40.136697015
40.0208485236
40.0720481941
40.2365169552
40.4667326609
40.7449779301
41.0848060187
41.5088742739
42.0152162537
42.5517123493
43.0156723016
43.2831726411
43.2570629374
42.9116921612
42.3122972413
41.5981344095
40.9353018605
40.4594682009
40.2330052503
40.2334605933
40.3749012909
40.5485969227
40.6622339962
40.6608590783
40.5249474895
40.2542407523
39.8529200501
39.3284148017
38.7051759393
38.0427398855
37.4418647995
37.0271237809
36.907165175
37.1278355263
37.6405783869
38.3043317148
38.9247730422
39.3173133456
39.3683859486
39.0694109202
38.509729253
37.8329405672
37.1767857347
36.6227970451
36.1759230638
35.7798826558
35.3582966744
34.8617426132
34.3005871636
33.7515157445
33.3374192106
33.1902038497
33.4105679924
34.0375237101
35.0354463051
36.3006515172
37.6847468089
39.0287446197
40.1997522795
41.120923501
41.7860262568
42.2535393676
42.6215990664
42.99255852
43.4408132409
43.9968047123
44.652631545
45.3836876494
46.1716272256
47.0125328196
47.9024243308
48.8068577405
49.6345157521
50.2381664506
50.4560454111
50.186010619
49.4633658723
48.5028580927
47.6734969819
47.4003024974
48.0195805829
49.6391202452
52.0594072428
54.793059531
57.1840437139
58.5904559126
58.5701776691
57.0071213004
54.1370442692
50.4671489443
46.6193819081
43.1511962538
40.4124428693
38.482457655
37.2029269538
36.2888178423
35.4719832419
34.6197282562
33.7793493022
33.1289360897
32.8555156448
33.0178429487
33.4649643124
33.862210006
33.8270008853
33.1180410838
31.7829134402
30.1757635321
28.8134276763
28.1226838688
28.2007314328
28.7235924218
29.0757107406
28.6608813168
27.2455543079
25.1434353442
23.1098947392
21.958154264
22.0678350512
23.0428914243
23.7310432682
22.6481852704
18.6374751835
11.448515067
1.9366584287
-8.23390313978
-17.2324948594
-23.6923067104
-26.9525826601
-26.7414239375
-22.467577407
-12.5840974498
5.44444292995
34.2769553089
75.1033106171
125.968688858
180.8870875
230.434225428
263.9453059
272.720958462
253.095932457
208.129995015
147.127205356
83.0170440311
28.4910886585
-7.69660736004
-22.921663578
-20.6495590097
-8.34153244271
5.72523449586
15.4093483896
18.3389132327
15.7948914098
11.1835707015
7.9764271397
8.08817730334
11.3183179015
15.9051567435
19.7258102352
21.4513937284
21.1003675559
19.8135193169
19.0850216139
19.9212670033
22.3689780398
25.6063966729
28.4783499707
30.1436051409
30.486170449
30.1052544299
29.936430713
30.7387435083
32.722946311
35.4917275681
38.2848331078
40.370425085
41.3722843627
41.3835214795
40.844693407
40.2835937609
40.0660332145
40.2753812164
40.7529954182
41.2447209481
41.5557958634
41.632559404
41.545516047
41.407378525
41.2889488057
41.1840275927
41.0353699013
40.7940187418
40.4672062027
40.1227745448
39.8492928459
39.7001612569
39.6594528217
39.6528131916
39.5983341741
39.4674526116
39.3189304504
39.2833307922
39.5026380971
40.0544155207
40.8990336143
41.8777059093
42.7643038367
43.3482084173
43.5112476198
43.2654170998
42.7368151683
42.1056065405
41.5303342418
41.0897623086
40.7655172755
40.469462061
40.1001537018
39.6012414906
38.9955227173
38.3803533435
37.8874772676
37.625550672
37.6305769427
37.8456230917
38.1386748177
38.3516605565
38.3609943889
38.1254938526
37.7027786875
37.2280031714
36.8636983632
36.7407121778
36.9132236792
37.3447123708
37.9290267422
38.5366721316
39.0666561161
39.4826054791
39.8188768168